478
155
720
80
224
583
516
156
944
311
796
157
259
823
974
988
215
489
948
850
966
946
860
744
905
209
732
838
657
293
238
76
880
262
455
361
679
457
823
735
781
872
93
956
132
348
775
372
881
164
314
302
645
68
619
704
201
969
727
859
580
661
290
251
455
738
548
586
96
917
129
897
6
680
606
380
873
161
758
345
84
708
604
509
673
122
22
46
184
732
598
27
530
752
94
363
638
492
945
901
300
412
430
238
335
682
471
846
919
663
272
372
812
407
531
541
813
231
943
810
716
414
560
393
561
494
101
682
285
398
10
765
273
790
451
322
376
13
563
835
138
982
530
962
695
422
509
610
164
480
506
188
120
580
2
528
469
310
814
909
809
211
179
320
507
974
582
837
908
103
139
223
91
823
354
130
873
604
848
71
882
495
289
765
614
982
487
994
80
179
648
805
571
696
455
674
457
162
514
1000
906
358
71
741
779
585
832
398
122
999
460
671
850
228
970
606
42
616
995
996
475
89
352
96
520
375
987
132
538
631
605
899
385
836
806
562
542
513
604
38
26
2
191
419
83
808
4
366
596
998
746
500
732
438
866
697
315
167
389
637
786
902
444
469
264
992
364
779
64
706
13
619
327
637
839
926
97
791
360
151
226
73
391
307
467
51
671
713
800
833
782
819
508
604
876
148
741
424
571
675
611
330
101
165
822
246
561
827
93
889
605
221
839
361
289
37
879
420
266
485
377
987
131
623
175
770
562
624
594
86
658
315
387
503
452
136
19
471
169
109
960
203
482
709
261
43
614
36
52
742
316
551
550
526
372
585
97
802
696
668
137
803
431
557
465
460
811
639
220
430
832
273
751
469
984
42
121
110
155
557
295
808
867
40
681
997
862
993
219
559
404
419
951
589
412
995
91
239
635
16
328
707
372
553
113
825
958
347
478
947
772
752
979
367
729
235
362
646
517
845
644
932
913
874
630
193
825
759
228
829
627
547
419
653
20
183
907
920
97
950
515
136
588
740
782
212
645
638
637
774
832
862
493
92
739
967
327
715
456
344
547
178
753
56
91
467
957
729
806
504
210
118
348
597
708
445
374
521
734
430
602
197
997
898
143
354
48
963
173
231
185
14
980
31
544
801
17
401
987
390
947
424
94
757
918
408
299
146
792
889
324
816
590
508
800
401
213
697
31
247
653
466
883
643
329
819
302
127
500
99
394
644
878
54
499
793
759
872
648
416
126
144
872
523
615
654
790
675
879
809
863
794
303
629
995
473
458
349
397
513
286
910
202
267
76
936
768
476
961
16
201
808
266
278
861
306
417
102
367
921
910
945
691
93
97
288
9
196
592
727
743
893
194
199
914
492
170
379
308
232
549
754
516
799
421
452
866
930
290
739
551
745
43
476
711
425
371
57
552
873
859
26
730
530
40
497
727
337
531
309
897
952
228
868
640
88
849
55
535
42
900
675
790
862
730
925
556
117
266
565
65
638
256
422
532
100
556
994
299
858
61
189
614
956
388
677
799
344
655
381
490
89
754
875
293
467
821
593
721
315
379
83
327
996
913
88
712
813
295
318
155
542
318
18
978
96
606
228
572
354
510
322
544
264
391
363
906
319
947
337
509
784
631
337
982
506
402
54
935
457
397
520
314
644
445
436
254
807
733
239
459
16
837
648
860
390
805
453
583
581
870
608
825
938
482
910
783
846
778
903
834
428
851
111
807
160
377
1
894
168
542
527
759
6
324
793
940
705
11
195
72
845
716
880
260
354
212
56
630
390
320
497
371
549
772
437
931
682
895
854
814
645
229
140
460
314
822
976
624
224
175
306
773
851
805
744
406
404
503
181
613
427
352
309
894
346
874
427
324
992
903
200
414
257
762
297
625
821
562
810
445
268
888
624
41
740
898
32
187
505
664
766
929
95
320
869
316
239
307
959
873
801
728
913
662
638
442
195
787
93
633
809
424
58
412
934
188
51
394
965
199
572
575
264
884
932
505
786
70
545
566
129
16
647
887
755
979
289
850
762
715
18
275
882
90
529
715
173
668
235
292
758
456
637
728
150
894
251
418
301
571
709
288
461
853
882
751
334
498
747
830
555
601
944
410
522
258
908
86
38
617
826
980
974
812
560
41
46
344
185
846
107
868
861
560
274
336
252
22
303
653
981
710
992
471
730
738
228
639
613
690
666
254
604
344
14
37
114
899
389
784
388
813
321
960
764
693
222
636
8
140
931
730
630
893
138
893
628
314
620
446
968
454
259
513
884
554
848
854
205
