1
2
2
4
6
6
8
9
10
11
13
13
14
14
16
16
16
16
17
18
18
19
20
22
22
26
26
27
31
31
32
36
37
37
38
38
40
40
41
41
42
42
42
43
43
46
46
48
51
51
52
54
54
55
56
56
57
58
61
64
65
68
70
71
71
72
73
76
76
80
80
83
83
84
86
86
88
88
89
89
90
91
91
91
92
93
93
93
93
94
94
95
96
96
96
97
97
97
97
99
100
101
101
102
103
107
109
110
111
113
114
117
118
120
121
122
122
126
127
129
129
130
131
132
132
136
136
137
138
138
139
140
140
143
144
146
148
150
151
155
155
155
156
157
160
161
162
164
164
165
167
168
169
170
173
173
175
175
178
179
179
181
183
184
185
185
187
188
188
189
191
193
194
195
195
196
197
199
199
200
201
201
202
203
205
209
210
211
212
212
213
215
219
220
221
222
223
224
224
226
228
228
228
228
228
229
231
231
232
235
235
238
238
239
239
239
246
247
251
251
252
254
254
256
257
258
259
259
260
261
262
264
264
264
266
266
266
267
268
272
273
273
274
275
278
285
286
288
288
289
289
289
290
290
292
293
293
295
295
297
299
299
300
301
302
302
303
303
306
306
307
307
308
309
309
310
311
314
314
314
314
315
315
315
316
316
318
318
319
320
320
320
321
322
322
324
324
324
327
327
327
328
329
330
334
335
336
337
337
337
344
344
344
344
345
346
347
348
348
349
352
352
354
354
354
354
358
360
361
361
362
363
363
364
366
367
367
371
371
372
372
372
372
374
375
376
377
377
379
379
380
381
385
387
388
388
389
389
390
390
390
391
391
393
394
394
397
397
398
398
401
401
402
404
404
406
407
408
410
412
412
412
414
414
416
417
418
419
419
419
420
421
422
422
424
424
424
425
427
427
428
430
430
430
431
436
437
438
442
444
445
445
445
446
451
452
452
453
454
455
455
455
456
456
457
457
457
458
459
460
460
460
461
465
466
467
467
467
469
469
469
471
471
471
473
475
476
476
478
478
480
482
482
485
487
489
490
492
492
493
494
495
497
497
498
499
500
500
503
503
504
505
505
506
506
507
508
508
509
509
509
510
513
513
513
514
515
516
516
517
520
520
521
522
523
526
527
528
529
530
530
530
531
531
532
535
538
541
542
542
542
544
544
545
547
547
548
549
549
550
551
551
552
553
554
555
556
556
557
557
559
560
560
560
561
561
562
562
562
563
565
566
571
571
571
572
572
575
580
580
581
582
583
583
585
585
586
588
589
590
592
593
594
596
597
598
601
602
604
604
604
604
604
605
605
606
606
606
608
610
611
613
613
614
614
614
615
616
617
619
619
620
623
624
624
624
625
627
628
629
630
630
630
631
631
633
635
636
637
637
637
637
638
638
638
638
639
639
640
643
644
644
644
645
645
645
646
647
648
648
648
653
653
653
654
655
657
658
661
662
663
664
666
668
668
671
671
673
674
675
675
675
677
679
680
681
682
682
682
690
691
693
695
696
696
697
697
704
705
706
707
708
708
709
709
710
711
712
713
715
715
715
716
716
720
721
727
727
727
728
728
729
729
730
730
730
730
732
732
732
733
734
735
738
738
739
739
740
740
741
741
742
743
744
744
745
746
747
751
751
752
752
753
754
754
755
757
758
758
759
759
759
762
762
764
765
765
766
768
770
772
772
773
774
775
778
779
779
781
782
782
783
784
784
786
786
787
790
790
790
791
792
793
793
794
796
799
799
800
800
801
801
802
803
805
805
805
806
806
807
807
808
808
808
809
809
809
810
810
811
812
812
813
813
813
814
814
816
819
819
821
821
822
822
823
823
823
825
825
825
826
827
829
830
832
832
832
833
834
835
836
837
837
838
839
839
845
845
846
846
846
848
848
849
850
850
850
851
851
853
854
854
858
859
859
860
860
861
861
862
862
862
863
866
866
867
868
868
869
870
872
872
872
873
873
873
873
874
874
875
876
878
879
879
880
880
881
882
882
882
883
884
884
887
888
889
889
893
893
893
894
894
894
895
897
897
898
898
899
899
900
901
902
903
903
905
906
906
907
908
908
909
910
910
910
913
913
913
914
917
918
919
920
921
925
926
929
930
931
931
932
932
934
935
936
938
940
943
944
944
945
945
946
947
947
947
948
950
951
952
956
956
957
958
959
960
960
961
962
963
965
966
967
968
969
970
974
974
974
976
978
979
979
980
980
981
982
982
982
984
987
987
987
988
992
992
992
993
994
994
995
995
995
996
996
997
997
998
999
1000
